

******************* Prueba 50 *************
tiempo:297.24321627200015
val_loss:1.2731353044509888	loss:0.4141462445259094	val_accuracy:0.6839080452919006	accuracy:0.8652482032775879


******************* Prueba 51 *************
tiempo:224.3283304499996
val_loss:1.6122139692306519	loss:0.964958131313324	val_accuracy:0.48275861144065857	accuracy:0.6514691114425659


******************* Prueba 52 *************
tiempo:409.23939481800016
val_loss:2.0018036365509033	loss:1.8342114686965942	val_accuracy:0.13218390941619873	accuracy:0.2310030460357666
